50 2450 200 1 50
1 2 57
1 3 67
1 4 75
1 5 53
1 6 52
1 7 16
1 8 93
1 9 93
1 10 99
1 11 8
1 12 79
1 13 90
1 14 73
1 15 71
1 16 28
1 17 22
1 18 26
1 19 54
1 20 98
1 21 31
1 22 95
1 23 80
1 24 8
1 25 82
1 26 58
1 27 37
1 28 92
1 29 48
1 30 14
1 31 69
1 32 95
1 33 23
1 34 87
1 35 69
1 36 75
1 37 38
1 38 84
1 39 19
1 40 31
1 41 34
1 42 27
1 43 61
1 44 23
1 45 51
1 46 83
1 47 3
1 48 72
1 49 8
1 50 56
2 1 21
2 3 90
2 4 2
2 5 1
2 6 97
2 7 35
2 8 10
2 9 85
2 10 79
2 11 9
2 12 99
2 13 47
2 14 3
2 15 73
2 16 34
2 17 23
2 18 99
2 19 71
2 20 58
2 21 18
2 22 53
2 23 92
2 24 44
2 25 65
2 26 66
2 27 46
2 28 47
2 29 68
2 30 18
2 31 55
2 32 75
2 33 90
2 34 44
2 35 28
2 36 42
2 37 93
2 38 63
2 39 3
2 40 77
2 41 41
2 42 12
2 43 27
2 44 39
2 45 66
2 46 99
2 47 24
2 48 89
2 49 98
2 50 47
3 1 46
3 2 15
3 4 51
3 5 37
3 6 10
3 7 16
3 8 55
3 9 55
3 10 62
3 11 22
3 12 24
3 13 68
3 14 49
3 15 14
3 16 64
3 17 76
3 18 55
3 19 56
3 20 90
3 21 58
3 22 84
3 23 82
3 24 21
3 25 11
3 26 21
3 27 86
3 28 9
3 29 96
3 30 26
3 31 58
3 32 42
3 33 72
3 34 72
3 35 93
3 36 60
3 37 33
3 38 8
3 39 14
3 40 40
3 41 21
3 42 88
3 43 63
3 44 89
3 45 36
3 46 28
3 47 4
3 48 63
3 49 35
3 50 11
4 1 53
4 2 92
4 3 94
4 5 34
4 6 64
4 7 4
4 8 6
4 9 49
4 10 65
4 11 2
4 12 27
4 13 22
4 14 43
4 15 98
4 16 46
4 17 87
4 18 9
4 19 30
4 20 94
4 21 23
4 22 69
4 23 15
4 24 62
4 25 84
4 26 55
4 27 49
4 28 11
4 29 10
4 30 11
4 31 45
4 32 20
4 33 15
4 34 88
4 35 13
4 36 1
4 37 51
4 38 69
4 39 58
4 40 52
4 41 85
4 42 59
4 43 78
4 44 58
4 45 54
4 46 27
4 47 55
4 48 40
4 49 87
4 50 85
5 1 86
5 2 61
5 3 5
5 4 52
5 6 22
5 7 88
5 8 58
5 9 70
5 10 99
5 11 67
5 12 33
5 13 95
5 14 86
5 15 99
5 16 35
5 17 50
5 18 51
5 19 85
5 20 18
5 21 9
5 22 88
5 23 54
5 24 19
5 25 17
5 26 12
5 27 72
5 28 43
5 29 66
5 30 64
5 31 82
5 32 50
5 33 1
5 34 42
5 35 55
5 36 52
5 37 64
5 38 94
5 39 61
5 40 85
5 41 44
5 42 27
5 43 69
5 44 39
5 45 12
5 46 20
5 47 73
5 48 61
5 49 70
5 50 9
6 1 31
6 2 78
6 3 97
6 4 84
6 5 49
6 7 65
6 8 95
6 9 72
6 10 60
6 11 13
6 12 35
6 13 41
6 14 62
6 15 87
6 16 82
6 17 68
6 18 90
6 19 97
6 20 14
6 21 50
6 22 82
6 23 57
6 24 76
6 25 2
6 26 47
6 27 39
6 28 21
6 29 19
6 30 52
6 31 91
6 32 80
6 33 82
6 34 20
6 35 28
6 36 17
6 37 20
6 38 92
6 39 64
6 40 92
6 41 51
6 42 76
6 43 78
6 44 43
6 45 89
6 46 65
6 47 25
6 48 9
6 49 54
6 50 21
7 1 22
7 2 4
7 3 54
7 4 78
7 5 31
7 6 56
7 8 25
7 9 70
7 10 76
7 11 95
7 12 21
7 13 18
7 14 26
7 15 54
7 16 90
7 17 53
7 18 22
7 19 9
7 20 97
7 21 85
7 22 100
7 23 99
7 24 12
7 25 30
7 26 42
7 27 1
7 28 94
7 29 18
7 30 9
7 31 99
7 32 90
7 33 82
7 34 2
7 35 44
7 36 59
7 37 33
7 38 99
7 39 35
7 40 54
7 41 26
7 42 30
7 43 26
7 44 96
7 45 7
7 46 79
7 47 37
7 48 60
7 49 100
7 50 45
8 1 8
8 2 37
8 3 97
8 4 6
8 5 48
8 6 26
8 7 99
8 9 100
8 10 71
8 11 16
8 12 60
8 13 69
8 14 6
8 15 41
8 16 23
8 17 49
8 18 52
8 19 7
8 20 99
8 21 86
8 22 60
8 23 76
8 24 67
8 25 85
8 26 23
8 27 74
8 28 15
8 29 59
8 30 85
8 31 66
8 32 56
8 33 92
8 34 2
8 35 4
8 36 49
8 37 2
8 38 81
8 39 48
8 40 1
8 41 51
8 42 63
8 43 61
8 44 71
8 45 20
8 46 53
8 47 93
8 48 20
8 49 4
8 50 99
9 1 18
9 2 42
9 3 10
9 4 46
9 5 60
9 6 46
9 7 20
9 8 85
9 10 60
9 11 79
9 12 69
9 13 26
9 14 86
9 15 12
9 16 79
9 17 89
9 18 61
9 19 80
9 20 69
9 21 60
9 22 81
9 23 71
9 24 74
9 25 93
9 26 41
9 27 94
9 28 97
9 29 34
9 30 13
9 31 53
9 32 84
9 33 83
9 34 94
9 35 46
9 36 80
9 37 5
9 38 43
9 39 99
9 40 90
9 41 3
9 42 77
9 43 10
9 44 80
9 45 62
9 46 22
9 47 10
9 48 2
9 49 34
9 50 90
10 1 70
10 2 45
10 3 22
10 4 40
10 5 18
10 6 66
10 7 33
10 8 11
10 9 62
10 11 66
10 12 76
10 13 14
10 14 1
10 15 10
10 16 59
10 17 98
10 18 89
10 19 64
10 20 41
10 21 87
10 22 53
10 23 95
10 24 16
10 25 62
10 26 74
10 27 29
10 28 35
10 29 35
10 30 31
10 31 20
10 32 24
10 33 52
10 34 64
10 35 97
10 36 44
10 37 82
10 38 62
10 39 76
10 40 44
10 41 76
10 42 93
10 43 19
10 44 89
10 45 93
10 46 28
10 47 100
10 48 91
10 49 16
10 50 63
11 1 83
11 2 55
11 3 15
11 4 77
11 5 70
11 6 28
11 7 2
11 8 98
11 9 63
11 10 36
11 12 80
11 13 34
11 14 12
11 15 32
11 16 98
11 17 8
11 18 27
11 19 79
11 20 22
11 21 2
11 22 22
11 23 97
11 24 94
11 25 93
11 26 37
11 27 38
11 28 72
11 29 36
11 30 28
11 31 40
11 32 98
11 33 62
11 34 94
11 35 64
11 36 38
11 37 15
11 38 44
11 39 91
11 40 64
11 41 58
11 42 27
11 43 44
11 44 91
11 45 38
11 46 27
11 47 88
11 48 97
11 49 53
11 50 18
12 1 18
12 2 54
12 3 40
12 4 66
12 5 99
12 6 84
12 7 3
12 8 36
12 9 55
12 10 90
12 11 16
12 13 94
12 14 40
12 15 77
12 16 87
12 17 55
12 18 15
12 19 1
12 20 98
12 21 57
12 22 65
12 23 7
12 24 83
12 25 60
12 26 98
12 27 72
12 28 86
12 29 37
12 30 21
12 31 90
12 32 55
12 33 90
12 34 95
12 35 46
12 36 56
12 37 93
12 38 29
12 39 10
12 40 28
12 41 83
12 42 99
12 43 43
12 44 29
12 45 38
12 46 20
12 47 15
12 48 93
12 49 86
12 50 68
13 1 42
13 2 42
13 3 84
13 4 49
13 5 77
13 6 43
13 7 98
13 8 100
13 9 80
13 10 34
13 11 20
13 12 21
13 14 40
13 15 10
13 16 15
13 17 85
13 18 65
13 19 7
13 20 65
13 21 74
13 22 34
13 23 100
13 24 24
13 25 29
13 26 28
13 27 62
13 28 100
13 29 94
13 30 6
13 31 37
13 32 61
13 33 47
13 34 78
13 35 96
13 36 47
13 37 6
13 38 90
13 39 96
13 40 6
13 41 69
13 42 30
13 43 77
13 44 41
13 45 21
13 46 86
13 47 55
13 48 58
13 49 2
13 50 61
14 1 22
14 2 27
14 3 47
14 4 73
14 5 51
14 6 75
14 7 100
14 8 64
14 9 26
14 10 94
14 11 69
14 12 62
14 13 6
14 15 67
14 16 91
14 17 2
14 18 14
14 19 97
14 20 91
14 21 61
14 22 54
14 23 12
14 24 42
14 25 30
14 26 52
14 27 63
14 28 68
14 29 59
14 30 20
14 31 69
14 32 19
14 33 93
14 34 96
14 35 17
14 36 66
14 37 98
14 38 43
14 39 17
14 40 61
14 41 68
14 42 10
14 43 29
14 44 29
14 45 68
14 46 47
14 47 20
14 48 69
14 49 12
14 50 16
15 1 11
15 2 73
15 3 21
15 4 74
15 5 14
15 6 2
15 7 78
15 8 76
15 9 69
15 10 36
15 11 47
15 12 38
15 13 6
15 14 92
15 16 85
15 17 23
15 18 57
15 19 34
15 20 65
15 21 73
15 22 94
15 23 33
15 24 35
15 25 22
15 26 13
15 27 2
15 28 20
15 29 32
15 30 22
15 31 32
15 32 99
15 33 84
15 34 4
15 35 19
15 36 58
15 37 17
15 38 21
15 39 87
15 40 93
15 41 41
15 42 74
15 43 91
15 44 30
15 45 79
15 46 82
15 47 14
15 48 53
15 49 90
15 50 47
16 1 18
16 2 63
16 3 92
16 4 2
16 5 49
16 6 65
16 7 14
16 8 50
16 9 85
16 10 98
16 11 23
16 12 16
16 13 96
16 14 6
16 15 19
16 17 67
16 18 15
16 19 35
16 20 39
16 21 1
16 22 79
16 23 79
16 24 74
16 25 70
16 26 9
16 27 5
16 28 3
16 29 74
16 30 57
16 31 93
16 32 73
16 33 26
16 34 7
16 35 64
16 36 27
16 37 55
16 38 29
16 39 93
16 40 56
16 41 65
16 42 42
16 43 78
16 44 80
16 45 89
16 46 83
16 47 98
16 48 55
16 49 50
16 50 84
17 1 45
17 2 50
17 3 15
17 4 24
17 5 76
17 6 36
17 7 84
17 8 80
17 9 38
17 10 9
17 11 88
17 12 30
17 13 81
17 14 14
17 15 88
17 16 97
17 18 92
17 19 42
17 20 77
17 21 36
17 22 97
17 23 41
17 24 77
17 25 26
17 26 20
17 27 66
17 28 61
17 29 69
17 30 72
17 31 10
17 32 4
17 33 17
17 34 11
17 35 18
17 36 92
17 37 86
17 38 53
17 39 27
17 40 17
17 41 43
17 42 35
17 43 5
17 44 24
17 45 68
17 46 70
17 47 12
17 48 64
17 49 61
17 50 53
18 1 92
18 2 97
18 3 2
18 4 32
18 5 25
18 6 27
18 7 3
18 8 90
18 9 87
18 10 23
18 11 14
18 12 96
18 13 26
18 14 82
18 15 59
18 16 44
18 17 73
18 19 96
18 20 48
18 21 51
18 22 13
18 23 90
18 24 85
18 25 69
18 26 14
18 27 52
18 28 90
18 29 77
18 30 67
18 31 50
18 32 29
18 33 58
18 34 98
18 35 82
18 36 41
18 37 23
18 38 9
18 39 43
18 40 64
18 41 47
18 42 65
18 43 77
18 44 95
18 45 43
18 46 10
18 47 53
18 48 86
18 49 34
18 50 48
19 1 85
19 2 84
19 3 12
19 4 75
19 5 69
19 6 32
19 7 40
19 8 72
19 9 21
19 10 16
19 11 91
19 12 23
19 13 96
19 14 100
19 15 20
19 16 78
19 17 41
19 18 42
19 20 38
19 21 35
19 22 58
19 23 84
19 24 52
19 25 86
19 26 78
19 27 94
19 28 96
19 29 30
19 30 31
19 31 29
19 32 30
19 33 15
19 34 13
19 35 41
19 36 41
19 37 33
19 38 73
19 39 32
19 40 56
19 41 45
19 42 47
19 43 46
19 44 67
19 45 43
19 46 46
19 47 87
19 48 72
19 49 38
19 50 80
20 1 9
20 2 72
20 3 89
20 4 92
20 5 75
20 6 75
20 7 22
20 8 68
20 9 22
20 10 51
20 11 50
20 12 2
20 13 32
20 14 17
20 15 14
20 16 73
20 17 57
20 18 98
20 19 97
20 21 89
20 22 54
20 23 41
20 24 87
20 25 99
20 26 60
20 27 81
20 28 96
20 29 98
20 30 52
20 31 33
20 32 77
20 33 12
20 34 57
20 35 18
20 36 4
20 37 31
20 38 92
20 39 77
20 40 51
20 41 65
20 42 79
20 43 100
20 44 66
20 45 11
20 46 16
20 47 32
20 48 83
20 49 25
20 50 29
21 1 31
21 2 13
21 3 82
21 4 23
21 5 51
21 6 33
21 7 82
21 8 32
21 9 28
21 10 79
21 11 35
21 12 13
21 13 8
21 14 47
21 15 69
21 16 25
21 17 2
21 18 99
21 19 68
21 20 78
21 22 1
21 23 32
21 24 56
21 25 1
21 26 49
21 27 66
21 28 68
21 29 80
21 30 100
21 31 44
21 32 9
21 33 82
21 34 8
21 35 42
21 36 5
21 37 59
21 38 74
21 39 38
21 40 90
21 41 54
21 42 69
21 43 76
21 44 66
21 45 76
21 46 22
21 47 86
21 48 52
21 49 23
21 50 36
22 1 19
22 2 52
22 3 37
22 4 2
22 5 60
22 6 89
22 7 50
22 8 77
22 9 8
22 10 82
22 11 29
22 12 52
22 13 90
22 14 10
22 15 59
22 16 83
22 17 66
22 18 17
22 19 9
22 20 56
22 21 58
22 23 62
22 24 24
22 25 34
22 26 79
22 27 51
22 28 7
22 29 16
22 30 2
22 31 82
22 32 51
22 33 72
22 34 33
22 35 39
22 36 25
22 37 44
22 38 27
22 39 74
22 40 21
22 41 87
22 42 7
22 43 49
22 44 38
22 45 96
22 46 10
22 47 96
22 48 31
22 49 76
22 50 65
23 1 39
23 2 83
23 3 74
23 4 52
23 5 6
23 6 59
23 7 82
23 8 56
23 9 66
23 10 97
23 11 9
23 12 47
23 13 99
23 14 80
23 15 31
23 16 38
23 17 4
23 18 75
23 19 16
23 20 29
23 21 47
23 22 2
23 24 36
23 25 47
23 26 91
23 27 83
23 28 56
23 29 39
23 30 65
23 31 83
23 32 3
23 33 3
23 34 65
23 35 28
23 36 54
23 37 22
23 38 87
23 39 87
23 40 77
23 41 4
23 42 83
23 43 37
23 44 50
23 45 34
23 46 16
23 47 32
23 48 71
23 49 71
23 50 58
24 1 38
24 2 52
24 3 56
24 4 40
24 5 39
24 6 2
24 7 30
24 8 73
24 9 58
24 10 68
24 11 38
24 12 92
24 13 22
24 14 40
24 15 57
24 16 50
24 17 46
24 18 78
24 19 88
24 20 84
24 21 7
24 22 91
24 23 19
24 25 43
24 26 92
24 27 52
24 28 11
24 29 23
24 30 74
24 31 33
24 32 33
24 33 11
24 34 84
24 35 88
24 36 50
24 37 74
24 38 42
24 39 32
24 40 47
24 41 99
24 42 51
24 43 84
24 44 90
24 45 73
24 46 75
24 47 98
24 48 74
24 49 72
24 50 28
25 1 61
25 2 8
25 3 34
25 4 51
25 5 26
25 6 28
25 7 42
25 8 77
25 9 38
25 10 16
25 11 50
25 12 71
25 13 100
25 14 60
25 15 6
25 16 40
25 17 62
25 18 80
25 19 81
25 20 45
25 21 78
25 22 31
25 23 95
25 24 61
25 26 20
25 27 19
25 28 87
25 29 70
25 30 92
25 31 11
25 32 97
25 33 52
25 34 18
25 35 30
25 36 54
25 37 43
25 38 9
25 39 47
25 40 71
25 41 47
25 42 63
25 43 20
25 44 69
25 45 62
25 46 31
25 47 26
25 48 1
25 49 44
25 50 5
26 1 33
26 2 88
26 3 34
26 4 63
26 5 83
26 6 94
26 7 83
26 8 53
26 9 33
26 10 4
26 11 45
26 12 95
26 13 100
26 14 48
26 15 64
26 16 81
26 17 2
26 18 6
26 19 89
26 20 48
26 21 28
26 22 87
26 23 62
26 24 47
26 25 55
26 27 76
26 28 29
26 29 33
26 30 28
26 31 73
26 32 89
26 33 61
26 34 12
26 35 23
26 36 23
26 37 46
26 38 68
26 39 57
26 40 99
26 41 100
26 42 60
26 43 43
26 44 46
26 45 59
26 46 42
26 47 9
26 48 39
26 49 43
26 50 66
27 1 80
27 2 43
27 3 93
27 4 66
27 5 56
27 6 91
27 7 73
27 8 31
27 9 72
27 10 5
27 11 59
27 12 44
27 13 93
27 14 19
27 15 7
27 16 15
27 17 41
27 18 53
27 19 83
27 20 98
27 21 3
27 22 34
27 23 57
27 24 97
27 25 32
27 26 68
27 28 38
27 29 40
27 30 58
27 31 33
27 32 6
27 33 37
27 34 27
27 35 50
27 36 3
27 37 82
27 38 41
27 39 75
27 40 13
27 41 12
27 42 79
27 43 71
27 44 7
27 45 23
27 46 41
27 47 65
27 48 38
27 49 81
27 50 69
28 1 72
28 2 30
28 3 71
28 4 5
28 5 39
28 6 67
28 7 88
28 8 6
28 9 5
28 10 28
28 11 63
28 12 37
28 13 85
28 14 52
28 15 63
28 16 34
28 17 54
28 18 96
28 19 26
28 20 80
28 21 8
28 22 89
28 23 58
28 24 30
28 25 47
28 26 80
28 27 70
28 29 12
28 30 69
28 31 3
28 32 80
28 33 40
28 34 32
28 35 51
28 36 97
28 37 22
28 38 17
28 39 84
28 40 27
28 41 73
28 42 63
28 43 42
28 44 61
28 45 47
28 46 45
28 47 75
28 48 33
28 49 98
28 50 71
29 1 58
29 2 77
29 3 30
29 4 99
29 5 86
29 6 60
29 7 45
29 8 17
29 9 29
29 10 56
29 11 38
29 12 31
29 13 88
29 14 29
29 15 15
29 16 38
29 17 25
29 18 36
29 19 6
29 20 61
29 21 15
29 22 31
29 23 75
29 24 8
29 25 91
29 26 74
29 27 52
29 28 18
29 30 6
29 31 1
29 32 88
29 33 15
29 34 77
29 35 69
29 36 13
29 37 14
29 38 28
29 39 10
29 40 30
29 41 9
29 42 17
29 43 67
29 44 91
29 45 4
29 46 96
29 47 5
29 48 93
29 49 72
29 50 93
30 1 51
30 2 84
30 3 59
30 4 81
30 5 11
30 6 66
30 7 23
30 8 84
30 9 69
30 10 40
30 11 89
30 12 69
30 13 79
30 14 55
30 15 45
30 16 48
30 17 20
30 18 10
30 19 27
30 20 29
30 21 39
30 22 35
30 23 45
30 24 58
30 25 26
30 26 1
30 27 5
30 28 82
30 29 93
30 31 28
30 32 74
30 33 43
30 34 64
30 35 84
30 36 75
30 37 74
30 38 49
30 39 98
30 40 57
30 41 17
30 42 89
30 43 45
30 44 85
30 45 20
30 46 51
30 47 81
30 48 67
30 49 70
30 50 90
31 1 45
31 2 50
31 3 81
31 4 80
31 5 47
31 6 90
31 7 57
31 8 47
31 9 94
31 10 38
31 11 91
31 12 73
31 13 64
31 14 34
31 15 36
31 16 47
31 17 60
31 18 9
31 19 96
31 20 57
31 21 65
31 22 64
31 23 46
31 24 61
31 25 1
31 26 65
31 27 12
31 28 33
31 29 83
31 30 33
31 32 23
31 33 79
31 34 83
31 35 55
31 36 58
31 37 29
31 38 44
31 39 14
31 40 27
31 41 89
31 42 52
31 43 17
31 44 13
31 45 67
31 46 2
31 47 49
31 48 13
31 49 62
31 50 57
32 1 60
32 2 70
32 3 74
32 4 24
32 5 67
32 6 34
32 7 76
32 8 83
32 9 97
32 10 8
32 11 17
32 12 82
32 13 82
32 14 96
32 15 64
32 16 88
32 17 53
32 18 44
32 19 83
32 20 19
32 21 22
32 22 71
32 23 22
32 24 38
32 25 36
32 26 88
32 27 92
32 28 84
32 29 100
32 30 5
32 31 92
32 33 60
32 34 74
32 35 65
32 36 35
32 37 41
32 38 51
32 39 62
32 40 75
32 41 47
32 42 69
32 43 92
32 44 80
32 45 3
32 46 87
32 47 43
32 48 90
32 49 39
32 50 38
33 1 73
33 2 57
33 3 59
33 4 95
33 5 30
33 6 49
33 7 30
33 8 17
33 9 92
33 10 65
33 11 17
33 12 96
33 13 57
33 14 28
33 15 21
33 16 21
33 17 14
33 18 13
33 19 71
33 20 75
33 21 88
33 22 70
33 23 95
33 24 79
33 25 49
33 26 97
33 27 65
33 28 44
33 29 39
33 30 3
33 31 33
33 32 11
33 34 12
33 35 92
33 36 57
33 37 41
33 38 92
33 39 39
33 40 10
33 41 83
33 42 3
33 43 26
33 44 78
33 45 59
33 46 5
33 47 50
33 48 80
33 49 18
33 50 63
34 1 2
34 2 44
34 3 50
34 4 23
34 5 38
34 6 28
34 7 24
34 8 87
34 9 92
34 10 19
34 11 25
34 12 46
34 13 51
34 14 87
34 15 9
34 16 94
34 17 95
34 18 2
34 19 85
34 20 33
34 21 11
34 22 19
34 23 36
34 24 88
34 25 48
34 26 94
34 27 92
34 28 98
34 29 25
34 30 61
34 31 60
34 32 79
34 33 56
34 35 9
34 36 53
34 37 93
34 38 88
34 39 76
34 40 31
34 41 79
34 42 46
34 43 7
34 44 24
34 45 97
34 46 93
34 47 85
34 48 42
34 49 88
34 50 86
35 1 79
35 2 72
35 3 96
35 4 97
35 5 7
35 6 35
35 7 97
35 8 53
35 9 26
35 10 94
35 11 29
35 12 38
35 13 5
35 14 59
35 15 93
35 16 65
35 17 12
35 18 37
35 19 52
35 20 39
35 21 68
35 22 30
35 23 85
35 24 74
35 25 5
35 26 33
35 27 19
35 28 89
35 29 74
35 30 58
35 31 26
35 32 52
35 33 29
35 34 73
35 36 1
35 37 88
35 38 7
35 39 97
35 40 92
35 41 84
35 42 42
35 43 72
35 44 21
35 45 46
35 46 83
35 47 65
35 48 10
35 49 94
35 50 2
36 1 61
36 2 84
36 3 21
36 4 42
36 5 68
36 6 46
36 7 46
36 8 100
36 9 64
36 10 87
36 11 74
36 12 73
36 13 64
36 14 77
36 15 54
36 16 37
36 17 29
36 18 93
36 19 43
36 20 25
36 21 36
36 22 27
36 23 18
36 24 7
36 25 99
36 26 63
36 27 41
36 28 64
36 29 24
36 30 34
36 31 65
36 32 36
36 33 18
36 34 37
36 35 77
36 37 37
36 38 82
36 39 75
36 40 37
36 41 46
36 42 61
36 43 62
36 44 70
36 45 24
36 46 90
36 47 23
36 48 12
36 49 19
36 50 15
37 1 55
37 2 43
37 3 2
37 4 33
37 5 61
37 6 9
37 7 31
37 8 75
37 9 49
37 10 46
37 11 51
37 12 35
37 13 62
37 14 86
37 15 4
37 16 98
37 17 63
37 18 40
37 19 80
37 20 37
37 21 28
37 22 77
37 23 49
37 24 89
37 25 46
37 26 24
37 27 31
37 28 21
37 29 36
37 30 49
37 31 87
37 32 90
37 33 43
37 34 89
37 35 74
37 36 55
37 38 49
37 39 4
37 40 82
37 41 49
37 42 2
37 43 32
37 44 83
37 45 63
37 46 17
37 47 38
37 48 61
37 49 79
37 50 30
38 1 92
38 2 67
38 3 57
38 4 68
38 5 15
38 6 98
38 7 65
38 8 91
38 9 28
38 10 85
38 11 26
38 12 28
38 13 24
38 14 67
38 15 70
38 16 12
38 17 40
38 18 25
38 19 60
38 20 95
38 21 58
38 22 8
38 23 96
38 24 89
38 25 43
38 26 59
38 27 5
38 28 32
38 29 71
38 30 36
38 31 61
38 32 62
38 33 2
38 34 18
38 35 81
38 36 69
38 37 15
38 39 97
38 40 59
38 41 94
38 42 34
38 43 84
38 44 21
38 45 57
38 46 50
38 47 42
38 48 68
38 49 41
38 50 18
39 1 79
39 2 35
39 3 75
39 4 38
39 5 83
39 6 63
39 7 80
39 8 93
39 9 68
39 10 12
39 11 15
39 12 3
39 13 72
39 14 28
39 15 56
39 16 41
39 17 8
39 18 24
39 19 7
39 20 4
39 21 82
39 22 100
39 23 89
39 24 17
39 25 72
39 26 45
39 27 18
39 28 14
39 29 64
39 30 58
39 31 31
39 32 42
39 33 45
39 34 6
39 35 32
39 36 79
39 37 20
39 38 11
39 40 23
39 41 87
39 42 74
39 43 37
39 44 41
39 45 98
39 46 64
39 47 97
39 48 90
39 49 23
39 50 72
40 1 97
40 2 26
40 3 6
40 4 48
40 5 67
40 6 22
40 7 20
40 8 11
40 9 92
40 10 85
40 11 75
40 12 49
40 13 15
40 14 68
40 15 45
40 16 72
40 17 99
40 18 75
40 19 92
40 20 62
40 21 97
40 22 30
40 23 87
40 24 33
40 25 71
40 26 36
40 27 96
40 28 19
40 29 26
40 30 18
40 31 42
40 32 74
40 33 96
40 34 47
40 35 21
40 36 62
40 37 21
40 38 92
40 39 24
40 41 12
40 42 76
40 43 50
40 44 60
40 45 43
40 46 18
40 47 57
40 48 66
40 49 68
40 50 31
41 1 57
41 2 81
41 3 28
41 4 87
41 5 68
41 6 12
41 7 9
41 8 55
41 9 8
41 10 79
41 11 32
41 12 77
41 13 20
41 14 5
41 15 24
41 16 19
41 17 78
41 18 37
41 19 39
41 20 21
41 21 61
41 22 50
41 23 97
41 24 62
41 25 61
41 26 91
41 27 31
41 28 17
41 29 56
41 30 99
41 31 100
41 32 65
41 33 79
41 34 79
41 35 51
41 36 98
41 37 90
41 38 11
41 39 5
41 40 49
41 42 41
41 43 36
41 44 26
41 45 12
41 46 93
41 47 1
41 48 30
41 49 70
41 50 90
42 1 68
42 2 90
42 3 50
42 4 17
42 5 38
42 6 63
42 7 78
42 8 28
42 9 94
42 10 46
42 11 36
42 12 92
42 13 97
42 14 100
42 15 22
42 16 75
42 17 2
42 18 72
42 19 65
42 20 64
42 21 76
42 22 13
42 23 4
42 24 63
42 25 90
42 26 15
42 27 55
42 28 43
42 29 45
42 30 24
42 31 32
42 32 12
42 33 66
42 34 33
42 35 81
42 36 3
42 37 95
42 38 10
42 39 83
42 40 88
42 41 7
42 43 70
42 44 31
42 45 4
42 46 69
42 47 5
42 48 78
42 49 22
42 50 76
43 1 42
43 2 85
43 3 3
43 4 7
43 5 88
43 6 17
43 7 48
43 8 2
43 9 72
43 10 90
43 11 98
43 12 95
43 13 21
43 14 62
43 15 12
43 16 53
43 17 42
43 18 67
43 19 100
43 20 3
43 21 49
43 22 87
43 23 9
43 24 70
43 25 70
43 26 12
43 27 38
43 28 74
43 29 90
43 30 11
43 31 1
43 32 83
43 33 95
43 34 55
43 35 41
43 36 82
43 37 71
43 38 89
43 39 35
43 40 42
43 41 78
43 42 85
43 44 89
43 45 51
43 46 46
43 47 100
43 48 55
43 49 39
43 50 66
44 1 54
44 2 41
44 3 66
44 4 93
44 5 49
44 6 87
44 7 14
44 8 61
44 9 76
44 10 87
44 11 2
44 12 86
44 13 39
44 14 84
44 15 80
44 16 93
44 17 25
44 18 13
44 19 63
44 20 65
44 21 100
44 22 57
44 23 94
44 24 84
44 25 45
44 26 44
44 27 81
44 28 96
44 29 51
44 30 19
44 31 14
44 32 56
44 33 59
44 34 31
44 35 100
44 36 59
44 37 18
44 38 13
44 39 19
44 40 93
44 41 99
44 42 20
44 43 31
44 45 37
44 46 56
44 47 62
44 48 81
44 49 32
44 50 75
45 1 44
45 2 96
45 3 26
45 4 52
45 5 89
45 6 61
45 7 96
45 8 85
45 9 41
45 10 43
45 11 87
45 12 11
45 13 56
45 14 42
45 15 69
45 16 39
45 17 42
45 18 79
45 19 56
45 20 54
45 21 98
45 22 100
45 23 5
45 24 69
45 25 82
45 26 93
45 27 76
45 28 44
45 29 74
45 30 7
45 31 18
45 32 69
45 33 54
45 34 43
45 35 20
45 36 95
45 37 3
45 38 15
45 39 31
45 40 95
45 41 57
45 42 17
45 43 5
45 44 65
45 46 58
45 47 25
45 48 3
45 49 51
45 50 3
46 1 10
46 2 57
46 3 52
46 4 61
46 5 61
46 6 73
46 7 43
46 8 53
46 9 48
46 10 86
46 11 26
46 12 7
46 13 55
46 14 94
46 15 60
46 16 97
46 17 13
46 18 54
46 19 51
46 20 79
46 21 84
46 22 97
46 23 88
46 24 100
46 25 1
46 26 4
46 27 10
46 28 25
46 29 6
46 30 12
46 31 79
46 32 67
46 33 68
46 34 31
46 35 27
46 36 28
46 37 55
46 38 21
46 39 33
46 40 2
46 41 6
46 42 10
46 43 8
46 44 60
46 45 56
46 47 68
46 48 8
46 49 20
46 50 73
47 1 10
47 2 99
47 3 57
47 4 6
47 5 38
47 6 8
47 7 58
47 8 41
47 9 69
47 10 34
47 11 98
47 12 81
47 13 13
47 14 64
47 15 100
47 16 95
47 17 42
47 18 80
47 19 49
47 20 63
47 21 12
47 22 50
47 23 20
47 24 73
47 25 10
47 26 80
47 27 28
47 28 29
47 29 39
47 30 48
47 31 1
47 32 49
47 33 98
47 34 9
47 35 54
47 36 87
47 37 69
47 38 64
47 39 27
47 40 37
47 41 97
47 42 76
47 43 69
47 44 9
47 45 91
47 46 69
47 48 55
47 49 32
47 50 48
48 1 3
48 2 46
48 3 11
48 4 5
48 5 66
48 6 83
48 7 66
48 8 97
48 9 63
48 10 94
48 11 35
48 12 10
48 13 46
48 14 83
48 15 59
48 16 55
48 17 89
48 18 45
48 19 75
48 20 52
48 21 23
48 22 63
48 23 48
48 24 98
48 25 32
48 26 9
48 27 88
48 28 52
48 29 63
48 30 71
48 31 99
48 32 18
48 33 69
48 34 61
48 35 74
48 36 86
48 37 43
48 38 39
48 39 34
48 40 5
48 41 84
48 42 68
48 43 66
48 44 29
48 45 3
48 46 76
48 47 35
48 49 43
48 50 72
49 1 9
49 2 94
49 3 94
49 4 72
49 5 93
49 6 43
49 7 55
49 8 53
49 9 82
49 10 6
49 11 68
49 12 5
49 13 56
49 14 85
49 15 73
49 16 68
49 17 10
49 18 10
49 19 10
49 20 100
49 21 43
49 22 67
49 23 83
49 24 10
49 25 84
49 26 11
49 27 64
49 28 60
49 29 98
49 30 6
49 31 31
49 32 6
49 33 51
49 34 77
49 35 29
49 36 44
49 37 19
49 38 35
49 39 48
49 40 1
49 41 92
49 42 15
49 43 57
49 44 99
49 45 51
49 46 29
49 47 66
49 48 60
49 50 90
50 1 28
50 2 59
50 3 32
50 4 46
50 5 93
50 6 93
50 7 29
50 8 56
50 9 57
50 10 40
50 11 53
50 12 14
50 13 23
50 14 10
50 15 65
50 16 99
50 17 91
50 18 60
50 19 69
50 20 25
50 21 59
50 22 69
50 23 69
50 24 74
50 25 25
50 26 67
50 27 24
50 28 5
50 29 33
50 30 36
50 31 94
50 32 12
50 33 46
50 34 77
50 35 57
50 36 39
50 37 70
50 38 85
50 39 46
50 40 78
50 41 77
50 42 98
50 43 43
50 44 99
50 45 59
50 46 59
50 47 97
50 48 49
50 49 70
0 0 0 0 0
