3 8
-313428 -102551 83376 -840102 1820 -748146 192281 -666007
-644891 -891807 801432 -514674 -446291 -832170 965796 570700
-650004 599373 -43151 -408152 -614516 393036 439387 448129
1 2
-704981 -948334
1 1
999803
7 3
600604 -114254 -67220
852458 -921974 266773
-275007 -296354 68205
210319 774781 753461
176115 862906 -379118
292913 -180246 212730
678397 -269784 169542
7 4
-689320 -543605 272505 -650045
-27519 789733 593229 -96558
390337 -521025 -646353 760220
74427 620421 -514788 -704502
206051 -787043 -412296 476937
389072 -549390 -902181 199410
270364 827975 -122193 -999421
4 6
738844 308197 495579 11349 -824423 -531941
318507 768807 888927 -291157 -234793 -757426
-530937 -642941 -619580 -45725 169984 -896104
167232 757688 -901742 73729 -274277 -803923
8 5
-975948 668372 -485908 538995 -292446
-747064 364617 -796868 781711 540194
188618 100217 826426 77544 809061
109058 837544 -204451 466118 -264611
-732751 -363899 356711 951908 -88786
454970 25636 636938 -831528 816201
-849550 -290050 -998003 -335458 -751056
-290448 434904 613561 430110 216614
0 0
